-2.0 6.0
-1.9595959595959596 5.757575757575758
-1.9191919191919191 5.515151515151516
-1.878787878787879 5.272727272727273
-1.8383838383838385 5.030303030303031
-1.797979797979798 4.787878787878789
-1.7575757575757576 4.545454545454545
-1.7171717171717171 4.303030303030303
-1.6767676767676767 4.0606060606060606
-1.6363636363636362 3.8181818181818166
-1.595959595959596 3.575757575757576
-1.5555555555555556 3.333333333333334
-1.5151515151515151 3.09090909090909
-1.4747474747474747 2.8484848484848477
-1.4343434343434343 2.6060606060606055
-1.393939393939394 2.3636363636363633
-1.3535353535353534 2.121212121212121
-1.3131313131313131 1.878787878787879
-1.2727272727272727 1.6363636363636367
-1.2323232323232323 1.3939393939393936
-1.1919191919191918 1.1515151515151505
-1.1515151515151514 0.9090909090909083
-1.1111111111111112 0.666666666666667
-1.0707070707070705 0.424242424242423
-1.0303030303030303 0.18181818181818166
-0.9898989898989898 -0.06060606060606055
-0.9494949494949494 -0.30303030303030365
-0.909090909090909 -0.4545454545454545
-0.8686868686868685 -0.43434343434343425
-0.8282828282828283 -0.41414141414141414
-0.7878787878787878 -0.3939393939393939
-0.7474747474747474 -0.3737373737373737
-0.707070707070707 -0.3535353535353535
-0.6666666666666665 -0.33333333333333326
-0.6262626262626261 -0.31313131313131304
-0.5858585858585856 -0.2929292929292928
-0.5454545454545454 -0.2727272727272727
-0.505050505050505 -0.2525252525252525
-0.46464646464646453 -0.23232323232323226
-0.4242424242424241 -0.21212121212121204
-0.38383838383838365 -0.19191919191919182
-0.3434343434343432 -0.1717171717171716
-0.303030303030303 -0.1515151515151515
-0.26262626262626254 -0.13131313131313127
-0.2222222222222221 -0.11111111111111105
-0.18181818181818166 -0.09090909090909083
-0.14141414141414121 -0.07070707070707061
-0.10101010101010077 -0.050505050505050386
-0.06060606060606055 -0.030303030303030276
-0.02020202020202011 -0.010101010101010055
0.020202020202020332 0.010101010773993023
0.060606060606060996 0.030303193837864555
0.10101010101010122 0.050507153576476234
0.14141414141414144 0.07071838152993488
0.1818181818181821 0.09094882987376683
0.22222222222222232 0.11121949567308512
0.262626262626263 0.13156300513675875
0.3030303030303032 0.1520261978715789
0.3434343434343434 0.17267271113642804
0.3838383838383841 0.19358556409644737
0.4242424242424243 0.21486974207720366
0.464646464646465 0.23665478081885888
0.5050505050505052 0.259097350730336
0.5454545454545459 0.28238384114348897
0.5858585858585861 0.306732944567268
0.6262626262626263 0.3323982409418898
0.666666666666667 0.35967078189300433
0.7070707070707072 0.38888167498586157
0.7474747474747478 0.4204046679794817
0.7878787878787881 0.4546587330808204
0.8282828282828287 0.49211065119893893
0.868686868686869 0.5332775961991695
0.9090909090909092 0.5787297191572857
0.9494949494949498 0.629092732613669
0.9898989898989901 0.6850504948274752
1.0303030303030307 0.7473475940308054
1.070707070707071 0.8167919326828705
1.1111111111111112 0.8942573117241615
1.1515151515151518 0.9806860148306171
1.191919191919192 1.077091392667788
1.2323232323232327 1.184560447145012
1.272727272727273 1.3042564156695713
1.3131313131313136 1.4374213554008728
1.3535353535353538 1.5853787275046032
1.393939393939394 1.7495359814069074
1.4343434343434347 1.931387139048553
1.474747474747475 2.1325153791390905
1.5151515151515156 2.3545956214110357
1.5555555555555558 2.5993971108740217
1.5959595959595965 2.8687860020689833
1.6363636363636367 3.1647279433223043
1.676767676767677 3.489290661000008
1.7171717171717176 3.844646543761913
1.7575757575757578 4.2330752268157905
1.7979797979797985 4.6569661761715615
1.8383838383838387 5.118821272895427
1.878787878787879 5.6212573973640705
1.9191919191919196 6.167009013518813
1.9595959595959598 6.758930753119758
2.0 7.4
