0.3415665945703559 0.8285648576665747 0.8655676050693354
0.05680856934778422 0.1543292188124148 0.16048469313437483
-0.5335917986210332 -0.11561537688539558 -0.05013019029653559
0.9983143076295073 0.34765911334890265 1.0515396789900426
-0.32629304767201006 -0.9208786247967393 1.161835929692731
-0.09737576979217621 -0.16459459773147977 0.4308050115573658
0.6020636014976652 0.8076967510406639 1.041950898325711
0.5232537571098266 -0.9545564347480247 0.8369408349814988
0.18527946055053723 -0.04139988324236743 -0.2632697961751054
-0.14875142866564128 0.18138260742943202 0.5188967477029497
0.8192544325524642 0.9476614760019539 1.4998665767804027
-0.26576456649263624 -0.14919978657980448 -0.017835485417245348
-0.8431248312142237 0.6792906790252422 1.1457568662549704
-0.13531183218338239 0.43838977179256133 0.8870838623833699
0.38321873586078126 -0.09311868151769365 0.4633448047218485
0.17849686363701878 -0.3384140098834103 -0.10448765977078986
-0.4470451392150301 -0.5386455735188973 0.420466008392441
0.9932275043633123 0.4441823314625124 1.1470885905905746
0.9053131682534696 -0.4270753990400249 1.2075868107748078
-0.8398074878598298 -0.5699655899200058 1.5228778407250392
-0.7918390199072638 -0.2440683757423998 0.7378458687260079
-0.8643077173773928 -0.4532490588085636 1.181755416152121
-0.6884597061355149 0.2086328403287323 0.30171689808395064
-0.3805751980988574 0.9142628854061989 0.6643582411553495
0.7948582548461447 -0.8716393190245553 1.4901643978905526
-0.7147298699515847 -0.28311305267131104 0.47394863101795087
-0.4061593647040467 -0.8521232070707794 0.8847386235655773
0.5321458919479154 0.9159191671741207 1.0310641630947694
-0.047678402435407774 0.49120345737862725 0.2718042780312473
0.789528280075855 -0.22643381667314566 0.8727264740349717
0.23063150841461977 -0.911984941260974 0.7247830266846086
-0.19482807804903168 -0.9842106099470453 1.0342329955172316
-0.6018509942651307 -0.4173909009431971 0.24655374384957685
0.6698904864709361 0.5404387470152234 1.007858478166915
-0.8051682929385924 -0.7663977636245198 1.2617986057181334
-0.7945832987239543 -0.47543068701722047 1.2183242439677553
-0.1619743293748308 -0.9087791426155631 0.9470093156204362
-0.20190393237041815 -0.8937512580948541 1.4122905619362398
-0.3072943434672408 -0.6843133406697619 0.6206344044021782
-0.21520741687764366 0.9977648780218855 1.1478644723815992
-0.10363124503133436 0.49279896193591477 0.09387062129772802
-0.717570442059825 -0.13231126358063205 0.28488348602312785
0.12489642795456724 -0.6032186228548648 0.5899998214833684
0.9782878152223649 -0.858094291296857 1.4281920975659017
-0.7487608514705331 -0.9817627122418722 1.9260403888543316
0.3555136257522242 0.7047942995530674 0.3205955350271626
0.3663133972844721 -0.931380251095185 1.5853855875119105
-0.5085960143127384 -0.05991489478206824 0.14049383747875788
-0.9776936884564393 0.7431042583949463 1.8594994437804162
-0.5411598302885954 -0.6762524210482177 0.780933012415599
-0.17319150211810697 -0.2760531455332633 -0.16634774303433397
0.3317364731190702 -0.6863882986105461 1.25375708314846
-0.6539542602768194 0.2936471081101222 0.6885159063773856
0.0746929414220543 -0.25652075222940485 0.006909905446526657
-0.47282686092473014 -0.4146522790062981 0.2898651630259675
0.4252337090177811 -0.7187735237751693 0.8740729801446423
-0.331568823416047 -0.42939562351546057 0.37636990640546203
-0.4341514605968473 0.41774071106388155 0.6187341528630492
0.6074009968412448 0.0707307849964196 0.2576628667584894
0.6610881759141898 -0.5507255517346126 1.2272869654607856
0.39830603766118555 -0.9122956088270486 0.8514003791616581
-0.48912998206274816 -0.6146964901339518 0.7270908087698563
0.03144416484565138 0.45194467267690785 0.16425050293071888
-0.2977594885432233 -0.09407443329120135 0.029035475309491313
-0.3353868886252287 -0.2014992456007998 0.03325184565963253
-0.47645370152710975 -0.19189749621882757 0.3711784956840189
-0.03005942626148439 0.9705847789223996 0.7902453729790703
-0.09540108825451599 -0.15932114049192414 0.5686223672797523
-0.1802217431228894 0.4485330241700036 0.21274573150063042
-0.8872238977160174 -0.48409315154758237 0.7140452508777626
-0.5736004029120998 -0.5013777135751476 0.4214666173195025
0.652488415484163 -0.49104181802693825 0.6286739942200479
0.7088826008988014 0.43074861257431496 0.5577734644904366
-0.4369243078138001 0.13663521241895715 0.20962683143745708
0.29596332917472745 -0.42569840106449575 0.09182492134643927
-0.3719338279834241 0.47992979541785563 0.6928279354504339
-0.5069697433908595 -0.8966119239467987 1.272714593151757
-0.3185597572775021 0.3095903543480576 0.29574499061002024
-0.30650525411333374 0.023654839429201324 0.392235774007194
-0.03869392427205698 0.4456085981779887 0.2525218938321095
0.4039550629402111 0.3554787914823003 0.10466730014876344
0.12346277157437102 -0.7999361234109055 0.5997193857035893
0.6998065843658494 -0.4600373705214018 1.0779847310528052
0.4815655662974543 -0.8040584565634752 0.4183774860792611
-0.1825647694433079 0.4566522700265765 0.025069697976940253
-0.4645197917457231 -0.21776049936080155 0.23354043415851997
-0.5347567664645556 -0.11796368109413446 0.33706536245081026
-0.18156420358663827 -0.783004526191472 0.7355385031724777
-0.8253101094546522 -0.8117093894199361 1.4835764982701325
0.37204244040133183 0.15038823706012083 0.34672989384046704
-0.11391794624625251 -0.7242815082204261 1.1625100527786356
-0.6122370654909539 -0.4758337514198949 0.45863039569691244
0.8782407553868494 0.47864009825031495 0.9126841440059345
-0.7778954495332504 -0.6137693188090516 1.0488852454219728
-0.8614529235094641 -0.5677017062665011 1.2447139742029276
0.9810312673680888 0.11525131711791325 1.0447308820336563
-0.1254544728437279 0.875049518609434 0.6908792022068085
0.21303424973427654 0.45748912478973547 0.2297709013509438
0.3870728010592628 -0.48312924020067616 0.38161470803625946
0.6358581835726114 -0.09113546197342814 0.677242793081704
-0.5238114018661457 -0.18559596402054224 0.10095880602619348
0.7571474795238271 -0.8996547627335525 1.1061713190011098
0.29703697667392626 0.3112210705149212 0.06520504697722572
-0.7660169361755913 -0.8220238039985917 1.2664888339638516
0.6367224508805618 0.02013561216451243 0.7369908646366014
-0.5383514608553821 -0.8667280249100142 0.9760448027851961
-0.5327004098859451 0.9453684425998876 1.1516913022674358
-0.6473035738992869 -0.1919291514768957 0.06500387535417662
0.057336860019596925 0.5124657280009379 0.38732433238697983
0.6977991346095618 -0.9669758022883923 0.5551761490528938
0.42343303518481923 -0.4024326044427955 0.05010305277312732
-0.4869289584159344 -0.08739276953151087 -0.13095809546436324
-0.6832653862267117 0.3473782936638252 0.7594424409339857
-0.3488663504313243 -0.5220502083877379 0.33541354923111805
-0.7085087324250896 -0.8583210793805041 1.5949655249277415
-0.5038829325673608 0.9708238919124019 1.4007228204350755
-0.9622212053971273 -0.951724717857549 2.0432858746848033
0.4031905277286514 -0.24792160979978095 -0.06764925088330839
0.42993043830345035 -0.02479998969981345 0.2790447103929362
0.25820770981623786 0.126473851737537 -0.01689711374574364
-0.4677743118559954 0.18060133198576422 0.2579256998101811
0.2043926689357647 0.8422589460336223 0.9414384692414567
0.888544903011766 0.050880039755567985 1.0616312223789706
-0.02994303295273304 0.31848661929200905 0.05720640087848448
-0.7773785536204632 0.5289513779623256 0.6371875256807975
0.08884051087974876 -0.6359737802272063 0.5801556251824574
0.8035112386391849 0.717465226088605 1.0720986169341702
-0.5122074208407963 -0.6435486407478874 1.1801288677695136
-0.04017102963313257 -0.15907111388133321 0.018056938665246023
-0.8876288378074781 0.03945446867141977 0.9930130609391884
-0.3436982742915484 0.4119070882155418 0.5874615515947028
0.7094272386678016 0.0661407893760868 0.6823399124617846
-0.8565406725205733 -0.509451984716476 0.8389161986105438
0.24238631455858228 -0.7262532103940145 0.4292778490940594
0.4888856086242852 0.9895954553831294 1.201216625262448
-0.23144610679115907 0.17268582131944044 -0.21300238324287984
0.5092056533757559 0.7225742835942406 0.6545909209759355
-0.1504674088616902 0.6199658007137274 0.3334611721926236
0.5476969208412446 0.6707937569265645 0.7124568804084337
0.7583175778970017 -0.524903972232253 0.22517191121978875
0.7663507305266914 -0.613843069007523 0.8755971394868778
-0.5111769963320725 0.8520260524328471 0.6761323288296957
-0.9002217268758315 0.7282181000763435 1.0647359379190666
-0.5658146602148699 0.8705519840715787 1.542173256844976
-0.4258326020991965 0.058398959705724396 0.29961634964456507
-0.3499112425325055 0.07246107680293079 0.39669790380291825
0.4156627218186548 0.735277208365779 0.5897685970455699
-0.11201962395540965 0.5855591765082062 0.31714865675001275
-0.2917228086623589 -0.4785083388112219 0.8130275273141992
0.9278529091308549 -0.6369782466824063 0.9970148797869133
-0.4463373269117412 0.35966918531604875 -0.04915879496349046
0.059415919848828436 0.4513096064393223 0.23835933742276766
-0.2016558903218275 -0.4203406079540639 -0.24452184274581323
0.24645680202433495 -0.4386862191451437 0.42854809874169086
-0.6591483867766472 -0.5784477956301357 0.6034985976121914
-0.9826953010260582 0.16729113841413867 1.088507750069928
0.3344389387075708 -0.5713836550922198 0.4765535816634436
-0.7048760270726004 -0.3290822986325823 0.35951234977410707
0.6514046189469018 -0.314161151184154 0.31891289069937645
0.5278180077476995 -0.6417769822192263 0.35504383806593015
-0.6230324796852778 0.2318785616999599 0.24183788990320568
0.16662282493135416 -0.33651510000377516 -0.007819234762246552
-0.030062125288330632 -0.19739504345792946 0.7636735684568329
0.07342404058133489 0.43831293253766335 0.38437372588051866
0.6007998994404395 0.6854322233783394 0.6147615143778643
0.7768914804615767 -0.7922809581412227 1.1447605819270803
0.28384193930004176 0.6449077297362371 0.6144280593552046
0.5648867622079816 -0.9218533002494735 1.1087431949460966
-0.09535340153114635 -0.8813078491817534 1.1438492999203218
-0.1143994225565319 -0.6233036571248745 -0.0455126825734683
0.7209124839514651 0.8653766828467071 0.9235322491262941
0.6672456447840394 -0.19118477746715312 0.5176536336038567
-0.2782627142441334 0.2306430778974775 0.2835986615053171
-0.7573755202620702 -0.4112885326902642 0.9642731554373768
-0.7658625786731841 -0.7891712981652603 1.5111258838715227
-0.8561451443153052 0.7927647735115544 1.2375928790013788
0.21050334579569752 0.5882293967834649 0.4762030913602543
-0.42113400606791407 0.917093635219496 0.7450185670160231
0.08577259986157348 0.45633717862338097 0.9342630015472547
0.6272894996993665 -0.335440200257747 0.7666747130600069
0.1994449407201817 -0.23188105152209815 0.13192588624666796
0.9598744442766254 -0.08868782053741597 1.0616680159306922
-0.19176392810194054 -0.7373921807552166 0.61197052603167
0.03575283588957556 -0.23062511133317654 0.2773136351170668
0.7091059968274602 -0.49413730378250964 1.1101453218785549
-0.5391438058944051 0.046201878968013865 0.4685298531833231
0.2255336874653182 0.5521096962585352 0.4561071382749689
-0.19057152236777486 0.8058151970766658 1.0287183873610624
0.21073051231735396 -0.10231399402028574 -0.20987651256091944
0.8248810861217444 -0.9813812473244738 1.3077011220619394
-0.6610583239849721 -0.2520422817570682 0.18443046130931456
-0.6023950209595903 -0.508414776690598 0.7707600244176017
0.4768904741003923 0.7243593912604696 0.8746856870650704
0.7861938131409862 -0.25450314185463685 0.45148111876859864
-0.9019156112755475 0.2117870883184756 0.5578034272840677
0.9479780088162604 -0.16542072984172074 0.5616549589428206
-0.5547409171045055 -0.12466134153599073 0.7838663893004527
-0.5699546791300301 0.6160441523781064 0.15177205680347183
-0.8512465926041004 0.7770002454821379 1.2954802411242619
-0.16446743451882906 -0.3842029318034226 -0.15200854445598594
-0.11564651169252138 0.913359652034051 1.020914711700543
0.9768316319905952 0.42946940156442537 0.8549252633879623
0.19266765349518433 -0.8441847517698027 0.9520900766586442
-0.7153970362793312 0.11403111053773363 0.028700150870988983
-0.3946554827122992 0.844566881063785 0.8388548447916573
0.6586522685199296 -0.806492027315608 1.662641189568217
0.5399398390245906 0.18967834384921511 0.0648109781423798
-0.18599675695162632 0.10548658410900913 0.03107504453458718
0.25667376505107864 0.09544460300351054 -0.40752237237063904
-0.7397695323487512 -0.4195826905536022 0.7190129606099646
-0.46785106857361747 -0.7426375072511164 0.5172128270041133
0.5222366907465239 -0.20570693417007102 0.43947514217627204
0.6517510929580184 -0.454499618750017 0.48330691530030534
-0.32766259451148416 0.8443051789446245 1.0998650439040294
-0.25609683264938954 0.10953662020289512 0.3949701803183089
-0.14481284768203984 -0.5200962681576999 0.04577719133226188
0.3328581277455218 -0.28547552513749785 0.5095079528818378
-0.05346560743740092 0.7441915431530719 1.3979661821550478
-0.747031239342429 -0.5235333066513099 1.0427869521271032
-0.15249433428500736 -0.6963329624349053 0.38828638419226297
-0.9672508900398007 0.2509210574947067 1.3093187147049838
0.6855346532143316 0.07296106838913641 0.8099121524944501
0.9632483671024876 -0.1841212657599034 0.6997692665120601
0.2483578774666746 -0.8103543409549316 0.5603360581403186
-0.20794592720794536 -0.7756599724529345 0.30213524449432005
0.30022095126670045 0.6661835225230186 0.29939184986702594
0.4086020058597324 0.23204364057047044 0.39349126937298534
-0.9485927532208112 -0.9583502431235522 2.001241167951086
-0.01728840988287672 0.9080095444530571 0.9525072750916054
-0.22535714443127408 0.5778756030310881 0.3454969665524894
0.27537056884405553 -0.5910366608741446 0.9484008278465206
0.5954115053603377 -0.7412957143515448 0.8748168083504027
0.328030718321745 -0.5082570058852363 0.39096599343332583
-0.04888183477376562 0.8313159257383591 0.6576404809232609
-0.9613453409332089 0.869289333910277 1.9345367064235832
0.8853519694657859 -0.3083251248236454 0.8192948633058909
0.29594058453836825 0.6425742944322472 0.29369816574426433
0.4567416831266271 0.8382718882498874 0.7886871842635393
0.15219609032215042 -0.5826190059079202 0.5892940823192301
-0.6805406177879156 -0.6401109612442635 1.0037605793098683
-0.6005852136797993 0.400570011585325 0.34565015051281023
-0.5519870391771606 0.9085380605852931 1.4848098613136231
-0.5661146932035435 0.1843293406897637 0.34571603399888107
0.4410140624362948 0.5602540316225562 0.12533340825584627
-0.9117066345474989 -0.020084035086951113 0.6625116513721074
0.21849470907549895 0.9519098565883031 1.047424795336125
0.8506458158423027 -0.8480413309944563 1.6537067908103058
0.22535069471056035 -0.037591521606654466 0.2550879543227701
-0.7134336372082422 0.04779119209297478 0.7045252238029732
-0.8620828931654287 -0.95660101444209 1.581333313597309
-0.37236997435838437 0.010360734185833831 0.6708246716960491
-0.19161695156387593 0.5292998017660535 0.39372038484072414
0.3540253349613305 0.07920046717510387 0.26675576850898763
0.21526535110744072 0.8232582051882393 0.9719007030666591
-0.08990628379551646 0.42715793298229165 0.1487597658398959
0.40095837891062924 0.5682186581078386 0.574152507300377
-0.5179263932774318 -0.20129289447439191 0.1417662032961407
-0.11739380453208681 -0.4967571295357851 -0.05397363529826954
-0.9555823286159666 -0.9292179069542619 1.7587065635111698
-0.5744502684168449 -0.4506471666863001 0.8331921214136215
0.8931859579893209 -0.8684562661707347 1.69722802370807
0.25388008583452737 -0.8085316829502078 0.5833907996438117
0.871139606311397 0.9873324588721515 1.628621671318461
0.7702741047442261 -0.16824783502272256 0.19745012368161657
0.5532081170106913 0.11947625022286545 0.7787372515522042
-0.5602740270588669 -0.47348990592120543 0.7623456044650246
0.7611492192695626 0.245681490422609 0.8837204099129087
0.43269678877710693 -0.630700719740811 0.8260807603658274
0.3304878191052696 0.3141823675887989 0.06066029934554454
0.934825167045739 0.42753337366660915 1.3474195935227007
-0.9313745247945076 -0.7884961158659707 1.46728946457032
0.6269074126804373 0.6864130174455954 1.0007361933151235
-0.631905200300952 0.04803836328858013 0.24233375802544244
-0.9003889612252973 0.8224556564114358 1.6755553503188017
0.8037603846626686 0.16362579543904765 0.7027539438210351
-0.3875075117376783 0.9703094603301601 0.6944196151631452
-0.5926301665231954 0.2069492612264272 0.06580167548623184
0.2264969033186195 -0.6969023625350834 0.4842757083817647
0.9963664774861865 -0.27807890644927524 1.229345089224052
-0.9626657741268447 -0.28087212225318314 1.0218310441559564
0.5631391275921012 -0.35592315839638533 0.4227953834144645
-0.6615163825613273 0.6454482414757385 0.848798869845611
0.13193421757284463 0.356847580133135 -0.015773614830897703
0.9330257550798253 0.9740106885889577 1.737012212995639
-0.12334715513047234 -0.05473229506134558 0.18171698097981814
-0.2736047540925768 -0.5955206139236262 0.5575131592346116
0.2711739808408735 0.4986570381621922 0.3865531677056623
0.39235242290213823 0.23075433244709354 0.5068180939154333
0.7939842220962594 0.35254610608324866 1.0200722185564959
0.16284835575204615 0.15240006866401923 0.30809386756221446
-0.5090768466172135 -0.2743293864004892 0.2746329505353834
0.04315034766806658 -0.17651804965790752 0.14919337741664362
0.08021252350295116 0.8467819826931076 1.215270508616697
-0.3815264728500345 -0.8630238004948914 0.8661372764867273
0.6522216988956018 0.846507772991046 1.5453632838731086
-0.702184871509677 0.7909402932744694 1.0510098617686197
-0.6739545137227889 0.6320132931870124 0.9638744761476721
-0.9219961095813831 0.08062200728386304 0.47172012833085486
0.11858367803815684 -0.24121501897404873 -0.40129054715482576
-0.34432782018414754 -0.7075979346235945 0.40732395208602534
-0.1324471212639149 0.9974949132183009 1.1911308065895272
0.5269318331632926 0.19572307253036936 0.37088281709493437
-0.8341942372018007 -0.6253412418738746 1.0797225112629054
-0.21473192336010216 0.43024283308124667 0.19274316281175022
-0.6810043074661636 0.11098997823647294 0.22344365589698767
0.40079466928875207 0.045788517992692235 0.5150588598496955
0.8529695367592895 0.45406292522464464 0.8189664952675058
-0.7568518086558154 0.747265094265243 1.0537547203083613
0.184159393575676 0.7803308252133354 0.5420579558453696
0.671080184880436 -0.5330563743904477 0.5512108426054687
-0.3277927649704193 0.03896052880000367 0.40775278446270113
0.7143274790885048 -0.06115720903166766 0.5269182937404919
-0.9242847203996889 0.981337793528875 2.282093716577268
0.9076995858689447 -0.7242836850758134 1.1711469196371647
-0.4758633612321652 0.5244791803242359 0.4456008832528388
0.01761115308843819 -0.5890592970853796 0.38049910129330955
0.10485263662315258 -0.18356711646245527 -0.02888392011527749
-0.8774633578239621 0.8348272559942334 1.471433414648465
-0.5056441691196152 -0.9072360069499716 0.6717172592285945
-0.32730653938207155 -0.9503839291793359 0.9119298682831551
-0.8425742280163329 0.7054161574376838 1.1676811657001853
-0.5016011650452916 0.2578572584243861 0.546876631047992
-0.9445705545600791 0.09749883210788646 0.9791510965828558
0.5651693680699925 0.5949591274294024 1.1058410678070039
-0.34517116851235774 0.37522030430699727 0.09803424629528074
-0.8825472114730746 0.27732284436653365 0.8913593661783012
-0.30793626810691155 0.21741384622421878 0.3727988475890189
0.9091956687114118 0.35726463478423076 0.5276693063368969
0.39860464629485604 -0.08052748086276273 0.3400937465310606
0.07803799981095638 0.42272505443061603 0.05646323074884013
-0.8727200614342954 0.2024505469889364 0.8032566679774117
-0.8849618115935833 -0.571835143819968 1.419416913240467
0.3033522605296932 -0.31345144170449135 0.3977276249524612
0.7279231563364081 -0.15542897223136465 0.6629731670752
0.9000133622860225 -0.6766154658789538 1.5542709042494889
-0.3026717309381126 -0.4199690634990083 0.12979831296472544
0.41177746670186677 0.8543576743255195 1.1905326425451606
-0.3272355836290217 -0.1518503453711606 0.4028342015447688
0.5538147088255696 0.5837074345759874 0.4388006524303417
-0.7791283883978741 0.6232875951157726 0.9018914916454203
0.8626070166733921 -0.03834984488795423 0.5888779872282595
-0.7582211308539817 -0.36821009887204914 0.5263361649142128
0.8807641256123575 -0.8613779579721306 1.8370655304922845
-0.1701977794792784 0.8632643514928504 0.5620851895610844
-0.7693064023182683 0.02874185674990848 0.09381824354815799
0.5949649960207972 0.05883702693748938 0.13315241481617746
-0.9732658524610078 0.2513965500251678 1.1631011509317828
0.9256612284380243 0.3502991187950286 0.9947518583104276
0.12885510780016318 -0.25298145069958267 0.2566407223473305
0.8104186157336393 -0.0720987576266452 0.6144257301493665
0.594474811060401 0.10273124549239943 0.14095711664835656
-0.1339454272622802 -0.8772877022212471 0.8604075462466926
-0.6277727035446485 0.07182513128603873 0.9051400498684539
-0.9434415588838969 -0.32382375467164204 0.9966490899437888
-0.5932423509381448 -0.32663354181348114 0.6938504924578022
0.7261531986933822 0.8033789521002572 0.9850346042998777
0.08524192480883253 0.6433079627908074 0.07211177895543036
-0.7936503190387558 0.3710491471412334 0.9781038159766291
0.8206998286743235 0.7393389522354856 1.716765110846817
0.8197100400423025 0.31242440062702137 0.7257694256891396
0.009720419372341027 -0.31283893075729297 -0.04428549717950715
0.6561700006281481 -0.41080282177029215 0.46296448874148477
0.6276709378983627 0.8993519760404651 1.4133311404724542
-0.5714159282736435 0.9724891992887705 1.1790571639823293
0.6680076845408731 0.19079094356340542 0.7336263851343239
-0.6623234497739923 -0.9359042594098363 1.6031624114529968
0.5833682559409437 0.3840337669747176 0.7033069165715511
0.752213263499887 -0.6675063595463897 0.9995126307843101
0.12896602384259936 -0.7041753790565843 0.7554668268453352
0.2547717809953507 -0.5325592112926083 0.32017239287449134
0.048441980895807646 0.8343952654085023 0.5908369051120337
-0.5085235678645319 0.2415124328476148 0.47928581968156686
0.1529359952119358 -0.15714387563010268 -0.3232027877995066
0.37480063818885934 0.08431831142894497 0.4412851265391454
-0.5633710008958814 -0.8596693219383711 0.8553181843864499
-0.6738783389566441 0.20730108192070862 0.6908518562377992
0.21366736814226206 0.30344370925232367 0.24716461545370372
0.8104514944536514 -0.04864606867379617 0.9154508389086765
0.6024152812451429 -0.44875756273361334 0.341885093588418
-0.677308944649758 -0.05837267822599146 0.14262901365646286
0.8285986372649643 0.6447090153404706 0.9690455990801361
0.9038866624094517 -0.2193039256162006 1.2002184878868603
0.9514494450599018 0.174816343137566 1.4256491027733298
-0.24255474809235333 0.1628380847106139 -0.13123743108910008
-0.5849940956519022 0.010662694850055443 0.35814796579253183
0.8449149677478276 -0.3636960186335638 0.5900578367258424
0.05573179417654184 -0.44774509287332975 0.3249853322646137
-0.06730630728710918 -0.5064213345393971 0.579485940841961
0.11048377737830672 -0.8410362894624752 0.9431128911828048
0.8166397882319054 0.6880523007301749 0.575051801329051
-0.7194838900936062 0.8530055579439635 1.085669912366586
0.29251790433871694 0.3423555246273995 0.22302442768826078
-0.31712482771856565 0.5461840408924348 0.4910602900839439
-0.827443708471163 -0.6884459819229989 1.316950900779008
-0.7289184636184969 -0.18789315535651152 0.46625678172764173
0.6705548095854139 0.07465398466836248 0.42780190775766785
0.6971440339586452 0.09238008897538785 0.43225113025906786
0.05098584906611303 -0.6504452378820564 0.5758672866886663
-0.9883518813996954 0.21291459330115647 0.8805612935621985
0.09432876174708382 0.5398438071671194 0.38451220061612496
0.41733004774775884 0.6060369561388133 0.7870063183851215
-0.709372055587489 -0.5445040661910463 0.752504368016557
-0.8642205382934591 -0.5586993552137107 1.2353637929544254
0.6840782672385453 0.7452671317636004 0.9847613220800723
-0.8632717670776096 0.3603137051448231 1.0823631924018662
0.403555681261081 -0.04740477188264136 0.13002410357435382
0.6582482996787615 -0.4969901779439021 0.38500583964389695
0.19519546280472544 0.17608746877375236 0.031805146193948974
-0.379857727705724 -0.22199466773117926 0.18641682735909598
-0.20995438672884048 0.44069006315645654 -0.02311570965309756
0.48021389875683274 -0.6303573322504428 0.32606401483059694
0.5213588129899889 0.8630155997653381 1.2118863955036998
0.9530177715945554 -0.5291816290407605 0.9964929434792155
-0.2862938020024577 0.3929165134156196 -0.303862496836815
0.8522683291629738 0.085273969233989 0.8520093844459985
0.4866956751279594 0.5320123299829058 0.2411860346094179
-0.5561241061437325 -0.43441943181806364 0.08976985263763687
-0.5646493575004952 0.9672136006275225 1.1794183008464167
-0.6333564536350627 -0.8156189936809937 1.8184449985282634
0.01406368664438773 -0.5899393932092005 0.5082604240192122
-0.2303290455588991 0.39288339175871445 0.2884441106741644
0.31044401376774644 -0.02462352691116254 -0.16540501371286362
0.5509091122986869 0.933628846302454 1.2943427023112963
0.43207266036235614 0.5921317489514559 0.1840174275954694
-0.006845361513948767 0.9962313912269207 1.452586451750206
0.06440509686128104 0.5824292075629263 -0.0026409390657403664
0.18361937339137802 0.03882224769952436 0.26095089665725796
0.2505921727511842 -0.3184097000328281 0.15616976537715702
0.3803046126648626 0.6589046211921621 0.47288062092141736
-0.40340663074663063 -0.6235792538523475 0.3255458424811967
-0.861974684119005 0.06100691991317819 0.7055464042860363
-0.09231140551677397 -0.5066079332332714 0.03960562585181743
-0.201032265287864 0.5890678792919339 0.34844120743954843
-0.18600976281276305 -0.4475049905862729 0.1657522523184481
0.005373487411769906 -0.8088480951302839 0.9903542224401758
0.20056030049297902 0.8725357136563763 0.9345597258209982
-0.8861530436489868 -0.9223391398261718 2.2096618109375212
-0.19702213382746314 0.00013926024529986591 -0.1554874136190579
0.3541651232067191 0.3201749013104016 0.00800621884838959
-0.7608645878600406 -0.8188024083684959 0.9605905893439888
-0.9613132959442701 -0.21829520834102345 0.9967382766414694
0.3270537342434836 -0.500093079524931 0.23813981453156693
0.07978498572452009 0.6251853358454738 0.4384368199209139
-0.8363374205012235 0.5237573869671113 0.6783089979676793
-0.44499945829778276 -0.05111995824733362 -0.13318798058078493
-0.7120971356596775 -0.08549797398150072 0.47887485743067126
-0.034774178824778845 -0.7794712228896519 0.14526949449163867
0.7362055820399502 0.9602621109208098 1.3662430509095425
0.2946266895823233 -0.015685252790116566 0.3582378119777818
0.11503712723858017 -0.9737312981830308 1.319285911990847
0.46642017736552943 0.6320935023039131 0.39117924713244334
0.4652855089108683 -0.9796633590551822 0.6728099505131365
0.3303083153984836 -0.7823416184367129 1.0177005788705833
-0.8919883728542881 0.44350772741978806 0.6272358729791944
0.2166057564249 -0.17184297376229374 0.20267771821420716
0.9083561317804216 0.9691221901741334 1.5238096350854775
-0.9206030601793973 -0.9260954376118951 1.6400882293746268
-0.9751406185068467 -0.7184117390226876 2.0274382539235587
-0.7075569484927857 -0.1654894156504847 0.5928915159005559
-0.596324079916478 0.7570817436897006 0.9165977864362098
0.3849285606962498 -0.23523537918785875 0.3013161842767068
0.744417868240125 0.847847588694491 0.7456950081282618
0.5437721791536949 -0.6365119760443012 0.36425529381090693
0.764518182761857 0.6454633735704642 0.781389022251864
0.49721054596995806 0.6408207022364671 0.8295705350538729
0.9026552401450001 -0.08057590928662806 1.06925606898497
-0.38361722029564493 0.5756042310366833 1.014590816419479
0.470669639649812 0.37799026357611076 0.5793404656795752
-0.6856163603578791 0.8103390271351536 1.2700436730366298
0.4256254497731127 -0.4495080127692719 0.3623270351319208
0.016498138108369087 0.29867293310329 0.3052363415733213
-0.580553651447884 0.23923954110910928 0.5395568768384116
-0.27724186787190286 0.964048174273906 0.5426539451578778
-0.9235084075790261 0.9270321340687027 1.9341998590540972
-0.8891055748348851 -0.30852745733330034 1.2520574137420415
0.04831264001108604 0.6889225573234636 0.4771944328485914
-0.8449902888960521 0.09527550086021486 0.9395851642364412
-0.6526622386996233 -0.015464145065322121 0.35763398560967097
-0.12313315599664487 0.8975378448516822 0.7979787763364038
0.15553330106416552 -0.036285911202089904 0.4900267362005807
0.3639226755049816 -0.6453033558752348 1.058410636375573
-0.6760069677604921 0.11994368664724653 1.025748189581733
0.31835251684073085 0.6077652897413515 0.7619030323404055
0.6549976762453327 0.14826754923869911 0.26091157517423813
0.021388870113168812 0.4388891484139239 0.2591261026882421
-0.03096960466755916 -0.6146008921705524 0.5478239240863912
0.11232240467494248 0.5608598132808953 0.1821991096012598
-0.7815624677560313 0.06436777299584295 0.5963914327774221
-0.7905719499556902 0.6514354523802746 0.8805540202505971
-0.6108652007519471 -0.6455082537016807 0.6206042329280794
-0.5875549207136093 0.8066352254283315 0.7672152898162354
-0.44459007615674295 -0.3422982273138164 -0.08464120947987419
-0.4583149345091171 -0.2400618906613754 0.184423264629912
0.7695894284317029 0.2738902237390388 0.49527073119947723
0.6834819876362759 -0.895446669599866 1.3682295109298854
-0.5694885270135377 0.33112022796885676 0.5521792402496507
-0.7001019585870869 0.23588797216129653 0.7652168632234879
-0.4717572371228649 0.9545314065618475 1.0846204516232996
-0.13938904073222202 0.9588283075158255 0.8944984090950686
-0.22934690724561402 -0.41815688630091885 0.6684948216193585
